999368
999354
999538
999506
999390
999494
999358
999489
999382
999402
999378
999388
999496
999360
999428
999391
999532
999435
999491
999404
999487
999444
999422
999502
999302
999397
999451
999388
999412
999489
999458
999423
999463
999371
999382
999443
999520
999421
999503
999460
999455
999448
999660
999466
999383
999607
999454
999474
999399
999584
999490
999509
999388
999494
999486
999304
999368
999463
999432
999575
999314
999347
999531
999493
999337
999538
999526
999390
999459
999523
999467
999504
999466
999474
999491
999582
999472
999380
999375
999428
999421
999478
999526
999416
999463
999413
999408
999483
999450
999535
999391
999481
999436
999406
999438
999475
999484
999363
999492
999494
999406
999533
999436
999533
999420
999457
999431
999410
999342
999453
999539
999361
999440
999562
999448
999469
999456
999481
999432
999406
999351
999375
999378
999383
999484
999414
999479
999456
999532
999607
999597
999435
999454
999325
999399
999465
999401
999405
999351
999367
999446
999411
999473
999434
999378
999315
999444
999480
999523
999482
999435
999465
999422
999489
999440
999434
999317
999411
999415
999510
999578
999366
999306
999372
999498
999461
999459
999337
999366
999421
999486
999536
999512
999317
999530
999464
999420
999390
999473
999457
999306
999434
999536
999340
999515
999397
999321
999387
999382
999369
999339
999370
999405
999444
999418
999422
999364
999571
999444
999438
999567
999438
999410
999449
999458
999557
999496
999411
999345
999585
999352
999351
999303
999563
999365
999413
999494
999520
999562
999386
999454
999425
999443
999516
999315
999424
999548
999476
999438
999473
999561
999464
999375
999501
999500
999353
999334
999376
999349
999513
999466
999444
999555
999483
999383
999362
999364
999425
999476
999362
999492
999392
999533
999452
999475
999402
999521
999411
999426
999495
999411
999427
999427
999533
999518
999472
999593
999490
999471
999543
999549
999460
999506
999429
999500
999434
999302
999431
999442
999413
999377
999535
999461
999444
999422
999583
999538
999399
999401
999492
999386
999428
999414
999435
999541
999391
999543
999406
999411
999484
999498
999545
999402
999342
999437
999539
999411
999529
999495
999392
999380
999398
999348
999397
999350
999333
999327
999422
999514
999425
999386
999526
999296
999375
999441
999424
999441
999420
999401
999572
999355
999371
999495
999393
999396
999362
999294
999520
999398
999489
999316
999490
999388
999509
999619
999533
999426
999421
999362
999432
999358
999328
999480
999486
999471
999523
999446
999488
999453
999487
999489
999364
999547
999555
999462
999320
999482
999616
999524
999462
999442
999527
999439
999342
999401
999478
999421
999507
999465
999513
999602
999530
999558
999369
999486
999398
999374
999395
999486
999565
999380
999495
999618
999506
999428
999318
999341
999450
999347
999352
999359
999411
999321
999488
999378
999466
999312
999584
999478
999445
999388
999571
999544
999483
999582
999512
999521
999542
999443
999551
999477
999425
999447
999549
999520
999451
999455
999462
999480
999518
999499
999462
999556
999507
999429
999506
999521
999582
999520
999407
999377
999520
999440
999578
999413
999396
999406
999315
999432
999275
999319
999281
999541
999430
999386
999419
999520
999407
999538
999438
999475
999340
999538
999469
999406
999461
999396
999372
999498
999510
999453
999503
999382
999473
999396
999528
999514
999423
999320
999430
999333
999486
999439
999389
999476
999478
999564
999539
999312
999346
999507
999346
999478
999358
999395
999566
999364
999550
999466
999375
999393
999499
999512
999513
999444
999450
999476
999570
999461
999378
999426
999409
999578
999550
999463
999283
999445
999346
999425
999563
999540
999336
999371
999451
999369
999391
999384
999459
999585
999549
999551
999320
999500
999509
999468
999407
999486
999318
999407
999509
999552
999384
999476
999400
999388
999380
999425
999420
999487
999519
999532
999431
999482
999488
999438
999450
999589
999464
999502
999488
999607
999428
999474
999509
999446
999372
999533
999394
999525
999459
999415
999436
999322
999311
999453
999511
999529
999361
999512
999432
999587
999460
999465
999464
999374
999348
999424
999503
999426
999513
999546
999324
999407
999377
999494
999378
999557
999422
999547
999352
999542
999399
999437
999368
999361
999490
999499
999455
999546
999472
999493
999430
999371
999434
999421
999529
999516
999414
999374
999517
999300
999547
999566
999478
999531
999564
999372
999464
999526
999320
999341
999420
999422
999427
999377
999453
999390
999327
999461
999478
999486
999456
999519
999501
999404
999592
999293
999355
999480
999478
999383
999342
999493
999480
999338
999476
999473
999478
999374
999505
999503
999488
999452
999437
999353
999436
999332
999530
999389
999405
999441
999478
999476
999356
999481
999533
999559
999377
999338
999405
999549
999459
999538
999469
999495
999494
999530
999501
999479
999410
999480
999470
999509
999414
999410
999481
999448
999493
999484
999411
999534
999596
999541
999264
999423
999508
999511
999336
999567
999494
999381
999417
999588
999460
999525
999484
999555
999340
999379
999404
999447
999567
999479
999463
999334
999410
999504
999346
999380
999337
999420
999391
999358
999478
999405
999403
999462
999489
999552
999412
999513
999547
999497
999405
999487
999384
999408
999386
999562
999416
999616
999430
999511
999550
999587
999455
999383
999476
999383
999539
999397
999391
999481
999430
999462
999471
999516
999596
999423
999530
999451
999458
999380
999471
999402
999439
999444
999528
999389
999524
999504
999473
999521
999352
999441
999629
999444
999370
999553
999455
999353
999383
999409
999441
999547
999501
999413
999459
999475
999445
999361
999431
999461
999523
999434
999406
999481
999415
999305
999425
999515
999470
999300
999558
999485
999450
999385
999452
999418
999523
999394
999516
999546
999373
999489
999489
999466
999511
999527
999525
999477
999524
999538
999601
999394
999488
999371
999457
999354
999316
999524
999444
999415
999501
999565
999472
999518
999499
999565
999412
999463
999506
999499
999551
999407
999516
999520
999500
999405
999381
999535
999422
999402
999427
999458
999358
999503
999501
999430
999443
999599
999413
999352
999470
999412
999384
999452
999368
999402
999562
999377
999531
999413
999459
999512
999433
999428
999448
999434
999381
999408
999405
999476
999381
999491
999357
999484
999371
999327
999477
999355
999451
999390
999384
999395
999476
999505
999596
999616
999485
999331
999423
999383
999473
999487
999529
999487
999445
999342
999576
999492
999338
999502
999546
999512
999410
999380
999358
999563
999344
999420
999615
999533
999451
999440
999409
999519
999447
999656
999531
999545
999517
999456
999510
999436
999452
999502
999498
999356
999461
999441
999555
999433
999336
999488
999382
999477
999471
999516
999640
999404
999532
999538
999556
999401
999481
999483
999476
999505
999478
999453
999460
999494
999443
999466
999433
999330
999446
999416
999483
999529
999372
999387
999488
999292
999425
999284
999330
999426
999527
999408
999468
999408
999431
999400
999526
999366
999531
999439
999402
999475
999534
999492
999405
999403
999276
999428
999485
999603
999547
999446
999372
999500
999433
999507
999535
999561
999366
999340
999444
999563
999437
999469
999362
999502
999555
999420
999474
999564
999562
999337
999583
999393
999470
999468
999266
999454
999363
999451
999582
999343
999556
999461
999494
999466
999373
999354
999404
999531
999584
999425
999291
999506
999318
999431
999541
999551
999453
999508
999425
999401
999420
999526
999404
999424
999399
999458
999430
999367
999476
999341
999387
999454
999458
999552
999488
999465
999438
999538
999514
999549
999324
999369
999598
999427
999353
999533
999524
999393
999372
999525
999570
999477
999464
999519
999535
999319
999473
999487
999452
999418
999517
999461
999531
999527
999431
999354
999506
999478
999504
999419
999428
999277
999415
999279
999542
999521
999443
999504
999432
999410
999506
999453
999436
999465
999360
999444
999381
999465
999519
999375
999396
999454
999453
999473
999393
999609
999514
999453
999439
999462
999528
999505
999395
999465
999479
999458
999495
999386
999458
999477
999438
999456
999544
999468
999358
999386
999510
999490
999335
999360
999389
999357
999508
999392
999323
999508
999508
999431
999393
999477
999446
999497
999446
999436
999394
999550
999601
999566
999382
999527
999580
999373
999415
999400
999352
999361
999522
999525
999417
999517
999354
999330
999389
999470
999561
999440
999401
999464
999376
999576
999399
999502
999394
999546
999469
999462
999372
999292
999343
999397
999370
999390
999351
999437
999571
999548
999411
999510
999547
999481
999465
999454
999490
999523
999384
999570
999530
999466
999503
999441
999440
999472
999491
999388
999292
999402
999348
999472
999473
999486
999509
999401
999448
999464
999417
999397
999442
999425
999393
999425
999525
999545
999523
999575
999392
999530
999459
999525
999523
999450
999379
999561
999300
999529
999588
999493
999313
999541
999507
999369
999432
999527
999476
999425
999474
999439
999573
999548
999525
999591
999388
999538
999419
999377
999465
999452
999477
999510
999455
999472
999484
999296
999378
999446
999518
999465
999432
999365
999610
999364
999558
999439
999523
999394
999496
999340
999526
999499
999394
999541
999445
999367
999334
999471
999511
999513
999360
999559
999542
999428
999457
999559
999562
999406
999439
999496
999369
999587
999493
999337
999354
999366
999379
999454
999411
999463
999454
999507
999381
999537
999445
999513
999387
999412
999549
999484
999499
999481
999414
999346
999483
999454
999464
999444
999460
999362
999424
999451
999456
999471
999475
999548
999485
999477
999443
999301
999465
999472
999491
999456
999407
999408
999407
999465
999372
999425
999442
999441
999454
999398
999537
999472
999370
999369
999508
999494
999350
999484
999490
999456
999435
999507
999419
999413
999514
999464
999410
999527
999378
999510
999412
999505
999446
999556
999513
999422
999359
999416
999534
999479
999603
999441
999423
999424
999455
999410
999400
999456
999581
999573
999516
999411
999511
999368
999502
999524
999435
999463
999497
999331
999499
999452
999491
999422
999475
999297
999492
999488
999594
999508
999490
999396
999471
999478
999409
999493
999508
999437
999361
999352
999527
999439
999369
999524
999490
999501
999532
999411
999358
999296
999443
999367
999258
999427
999373
999439
999373
999343
999498
999402
999331
999491
999378
999340
999390
999444
999481
999425
999348
999483
999358
999332
999353
999445
999431
999365
999442
999485
999455
999451
999377
999449
999599
999403
999525
999546
999500
999526
999528
999391
999462
999409
999415
999428
999344
999408
999402
999510
999585
999347
999413
999508
999438
999348
999459
999508
999425
999518
999386
999466
999425
999388
999362
999453
999474
999465
999362
999391
999479
999531
999430
999459
999406
999464
999514
999304
999481
999469
999393
999511
999487
999498
999376
999412
999455
999372
999474
999496
999428
999380
999474
999333
999398
999357
999548
999420
999452
999539
999575
999419
999462
999362
999468
999337
999408
999439
999475
999476
999306
999438
999367
999422
999433
999576
999601
999519
999337
999460
999486
999483
999542
999448
999399
999534
999429
999563
999448
999395
999547
999388
999496
999350
999482
999434
999488
999363
999466
999371
999527
999521
999477
999513
999341
999385
999472
999539
999439
999455
999353
999333
999406
999500
999449
999345
999424
999277
999396
999365
999509
999414
999368
999485
999517
999505
999395
999460
999445
999522
999414
999467
999531
999408
999418
999509
999444
999384
999546
999422
999467
999499
999437
999561
999521
999453
999574
999357
999483
999371
999469
999506
999523
999390
999436
999339
999480
999579
999470
999443
999513
999460
999483
999480
999343
999396
999601
999551
999465
999513
999368
999444
999558
999499
999517
999507
999409
999436
999363
999524
999476
999488
999476
999384
999437
999456
999521
999513
999510
999472
999428
999376
999448
999328
999521
999498
999371
999451
999490
999379
999574
999505
999532
999431
999520
999386
999437
999500
999379
999449
999330
999429
999471
999444
999492
999494
999370
999343
999319
999517
999505
999533
999524
999550
999522
999468
999483
999479
999352
999472
999369
999402
999387
999434
999404
999369
999369
999362
999419
999347
999345
999327
999389
999538
999431
999324
999400
999426
999420
999344
999507
999406
999479
999541
999522
999511
999550
999423
999375
999445
999429
999561
999406
999464
999345
999392
999454
999452
999477
999532
999529
999479
999418
999535
999369
999468
999464
999386
999505
999489
999438
999532
999412
999547
999314
999456
999514
999489
999437
999362
999372
999547
999496
999336
999466
999336
999372
999564
999379
999422
999412
999398
999483
999464
999368
999528
999329
999433
999402
999412
999370
999324
999385
999448
999441
999514
999405
999467
999437
999472
999409
999482
999343
999375
999424
999418
999398
999497
999490
999410
999492
999493
999403
999371
999530
999401
999286
999438
999367
999505
999443
999371
999395
999490
999456
999580
999389
999508
999349
999448
999366
999405
999397
999477
999529
999331
999430
999440
999435
999416
999484
999540
999433
999480
999525
999425
999411
999325
999451
999432
999441
999413
999545
999458
999518
999393
999431
999557
999508
999438
999425
999480
999354
999386
999328
999503
999516
999494
999381
999453
999531
999404
999503
999434
999580
999332
999420
999300
999368
999437
999598
999439
999378
999478
999556
999376
999510
999389
999453
999402
999352
999417
999262
999538
999386
999454
999551
999340
999467
999448
999384
999500
999436
999399
999376
999506
999556
999333
999474
999459
999411
999331
999472
999316
999396
999443
999534
999371
999499
999385
999525
999549
999420
999298
999382
999331
999464
999279
999547
999499
999252
999352
999439
999425
999360
999468
999461
999533
999360
999366
999444
999401
999490
999420
999303
999352
999523
999461
999482
999491
999438
999554
999526
999482
999532
999489
999386
999540
999444
999376
999373
999469
999492
999578
999459
999530
999495
999430
999451
999424
999396
999499
999325
999382
999510
999583
999427
999543
999431
999414
999492
999532
999427
999446
999433
999421
999442
999356
999332
999440
999442
999595
999330
999344
999423
999467
999458
999414
999503
999514
999476
999467
999468
999385
999429
999377
999401
999557
999450
999511
999498
999426
999513
999303
999501
999580
999555
999526
999506
999454
999390
999304
999502
999414
999339
999260
999453
999650
999405
999461
999386
999557
999334
999396
999534
999481
999388
999559
999555
999441
999507
999395
999437
999497
999284
999413
999494
999554
999379
999454
999449
999456
999378
999558
999483
999330
999441
999378
999498
999523
999392
999378
999428
999510
999580
999471
999451
999509
999342
999286
999397
999496
999411
999382
999508
999522
999464
999526
999478
999558
999485
999552
999479
999466
999410
999444
999491
999406
999506
999341
999422
999476
999408
999427
999539
999582
999487
999384
999482
999428
999596
999614
999483
999419
999455
999504
999549
999582
999604
999462
999496
999480
999462
999400
999506
999313
999515
999532
999450
999383
999565
999442
999451
999505
999528
999449
999337
999491
999395
999293
999408
999386
999401
999520
999508
999545
999570
999371
999357
999490
999554
999472
999533
999371
999341
999500
999412
999579
999432
999489
999465
999431
999529
999418
999411
999367
999468
999503
999556
999354
999458
999457
999347
999296
999503
999344
999415
999479
999556
999487
999341
999294
999337
999443
999367
999465
999392
999373
999525
999454
999529
999452
999416
999354
999437
999441
999386
999500
999365
999412
999350
999527
999346
999404
999436
999425
999439
999439
999239
999439
999530
999454
999457
999410
999525
999550
999414
999446
999437
999418
999481
999545
999496
999502
999449
999519
999441
999491
999509
999535
999479
999480
999400
999331
999512
999542
999357
999434
999441
999383
999377
999428
999610
999368
999349
999425
999512
999423
999390
999496
999574
999483
999530
999569
999420
999475
999533
999428
999434
999436
999265
999335
999556
999438
999551
999473
999356
999344
999421
999480
999520
999462
999448
999497
999316
999408
999465
999313
999495
999497
999542
999372
999558
999447
999342
999569
999441
999481
999326
999486
999406
999455
999453
999451
999399
999549
999471
999425
999467
999563
999371
999539
999455
999581
999519
999481
999368
999397
999400
999557
999484
999413
999539
999306
999502
999521
999438
999416
999380
999485
999367
999549
999402
999327
999471
999451
999366
999364
999595
999493
999380
999297
999453
999540
999480
999516
999467
999332
999335
999343
999493
999546
999369
999492
999446
999520
999489
999481
999337
999599
999436
999470
999404
999547
999409
999468
999394
999335
999449
999287
999553
999417
999323
999360
999425
999494
999332
999530
999441
999506
999367
999379
999542
999548
999354
999447
999505
999491
999470
999354
999473
999439
999494
999501
999602
999408
999483
999294
999461
999551
999425
999513
999450
999341
999536
999556
999375
999429
999395
999364
999546
999527
999504
999461
999488
999360
999514
999362
999609
999489
999398
999388
999369
999494
999598
999489
999410
999470
999423
999408
999501
999533
999433
999471
999486
999429
999429
999428
999486
999467
999485
999477
999557
999487
999386
999390
999546
999350
999394
999377
999469
999354
999481
999568
999399
999453
999457
999584
999534
999359
999503
999529
999389
999413
999476
999500
999466
999414
999399
999480
999391
999369
999357
999466
999331
999382
999346
999594
999509
999448
999443
999518
999404
999302
999430
999390
999318
999333
999491
999530
999561
999482
999529
999454
999546
999595
999523
999366
999544
999310
999574
999357
999432
999485
999355
999578
999424
999555
999415
999510
999579
999522
999480
999563
999366
999501
999401
999554
999472
999486
999504
999409
999272
999571
999429
999434
999510
999482
999401
999530
999361
999502
999452
999477
999458
999395
999435
999481
999444
999412
999376
999365
999396
999531
999365
999393
999252
999446
999415
999354
999283
999404
999464
999435
999341
999425
999424
999573
999375
999355
999491
999341
999421
999438
999370
999477
999502
999472
999469
999439
999472
999491
999294
999487
999515
999388
999516
999576
999444
999516
999514
999303
999407
999443
999401
999369
999397
999570
999373
999469
999481
999469
999521
999371
999483
999508
999458
999385
999449
999510
999392
999441
999426
999416
999430
999489
999438
999409
999350
999382
999465
999458
999517
999495
999505
999505
999608
999473
999517
999375
999529
999402
999334
999467
999485
999415
999605
999410
999487
999391
999530
999428
999359
999404
999389
999375
999452
999394
999479
999474
999347
999364
999431
999334
999491
999357
999462
999352
999448
999372
999457
999510
999428
999411
999411
999537
999497
999395
999359
999406
999524
999593
999367
999467
999468
999552
999431
999512
999398
999403
999454
999493
999491
999607
999298
999469
999475
999529
999410
999416
999594
999443
999389
999420
999508
999488
999484
999533
999369
999464
999294
999490
999515
999354
999463
999395
999310
999573
999522
999412
999318
999502
999426
999408
999321
999439
999434
999496
999381
999547
999450
999338
999463
999387
999509
999360
999347
999395
999289
999463
999388
999522
999497
999429
999448
999548
999369
999532
999522
999420
999608
999486
999465
999427
999364
999470
999427
999412
999438
999431
999488
999517
999297
999296
999229
999423
999569
999504
999488
999426
999360
999340
999533
999539
999412
999603
999419
999361
999487
999422
999413
999485
999453
999431
999465
999522
999457
999342
999430
999441
999551
999386
999418
999435
999372
999427
999355
999446
999370
999444
999571
999573
999375
999516
999548
999516
999299
999489
999521
999475
999437
999456
999361
999519
999331
999496
999421
999360
999463
999419
999469
999605
999606
999386
999349
999395
999378
999463
999564
999398
999501
999504
999520
999542
999374
999384
999504
999456
999569
999571
999463
999484
999320
999456
999407
999490
999480
999430
999518
999417
999366
999457
999574
999354
999526
999492
999359
999449
999512
999495
999453
999502
999410
999434
999432
999428
999303
999397
999453
999485
999384
999354
999537
999421
999328
999358
999390
999325
999375
999447
999490
999514
999472
999463
999365
999509
999383
999522
999517
999456
999460
999517
999404
999411
999562
999551
999591
999455
999429
999409
999373
999520
999523
999399
999353
999460
999399
999411
999448
999426
999414
999334
999407
999529
999540
999612
999370
999421
999556
999290
999354
999536
999471
999509
999566
999423
999408
999536
999407
999437
999412
999416
999442
999506
999484
999465
999353
999521
999495
999602
999520
999412
999406
999504
999474
999439
999499
999414
999327
999380
999425
999335
999429
999404
999536
999400
999347
999496
999504
999515
999403
999442
999483
999399
999534
999360
999469
999364
999512
999557
999528
999461
999480
999425
999436
999480
999356
999578
999469
999488
999390
999413
999504
999403
999482
999476
999467
999491
999380
999457
999387
999441
999580
999499
999529
999420
999431
999415
999459
999357
999342
999547
999368
999498
999511
999428
999386
999412
999494
999489
999306
999388
999446
999525
999501
999423
999425
999403
999538
999595
999366
999296
999487
999369
999494
999411
999449
999337
999302
999566
999422
999576
999502
999283
999515
999587
999420
999313
999447
999445
999383
999564
999435
999452
999434
999429
999394
999446
999494
999434
999447
999460
999441
999449
999358
999493
999362
999391
999380
999570
999490
999476
999550
999424
999584
999573
999386
999386
999408
999382
999440
999496
999575
999531
999426
999471
999487
999452
999490
999518
999414
999314
999548
999440
999445
999464
999494
999266
999454
999509
999393
999428
999546
999474
999555
999512
999452
999382
999498
999417
999526
999522
999401
999508
999442
999529
999446
999383
999515
999447
999531
999597
999409
999530
999330
999338
999394
999383
999518
999598
999413
999415
999554
999428
999470
999363
999574
999502
999312
999431
999368
999550
999507
999451
999389
999381
999510
999573
999478
999517
999406
999440
999507
999329
999522
999373
999500
999441
999487
999419
999493
999532
999514
999510
999374
999336
999499
999429
999501
999438
999460
999410
999410
999381
999621
999480
999533
999382
999526
999547
999461
999406
999501
999416
999444
999398
999474
999370
999441
999474
999608
999543
999418
999532
999458
999399
999528
999533
999389
999350
999453
999403
999452
999450
999406
999351
999542
999375
999447
999522
999381
999433
999541
999283
999557
999501
999398
999460
999514
999369
999357
999364
999512
999404
999488
999438
999393
999328
999493
999396
999438
999469
999485
999414
999484
999443
999417
999461
999375
999350
999582
999371
999552
999447
999329
999390
999462
999298
999567
999650
999377
999363
999516
999542
999414
999481
999472
999385
999325
999382
999319
999459
999454
999525
999501
999456
999361
999398
999332
999422
999527
999377
999330
999491
999324
999558
999360
999420
999508
999344
999438
999503
999522
999385
999535
999549
999386
999369
999357
999461
999619
999380
999310
999385
999560
999503
999461
999457
999558
999425
999488
999546
999367
999449
999499
999397
999463
999436
999412
999423
999492
999493
999535
999517
999587
999397
999474
999315
999471
999423
999390
999502
999430
999516
999372
999488
999447
999459
999378
999386
999516
999404
999513
999504
999428
999480
999597
999443
999295
999327
999369
999485
999489
999560
999509
999552
999405
999528
999508
999393
999470
999347
999509
999415
999439
999332
999650
999350
999452
999476
999422
999528
999404
999503
999370
999316
999515
999513
999464
999539
999428
999479
999404
999498
999533
999308
999544
999322
999453
999448
999491
999523
999470
999390
999463
999602
999534
999486
999602
999419
999444
999384
999356
999473
999449
999389
999444
999438
999566
999367
999431
999347
999423
999394
999341
999340
999487
999419
999509
999354
999365
999411
999506
999387
999430
999465
999475
999347
999395
999388
999561
999368
999395
999451
999342
999349
999558
999452
999376
999311
999508
999332
999423
999466
999479
999470
999372
999498
999454
999429
999443
999401
999480
999292
999442
999352
999476
999517
999417
999450
999482
999510
999373
999492
999480
999392
999427
999373
999382
999423
999326
999307
999564
999386
999360
999387
999479
999410
999465
999425
999462
999549
999511
999283
999519
999430
999388
999428
999359
999546
999532
999403
999390
999454
999483
999410
999586
999439
999388
999462
999493
999528
999503
999513
999410
999349
999439
999357
999436
999415
999464
999510
999488
999387
999484
999425
999377
999505
999297
999457
999511
999382
999351
999301
999396
999439
999410
999508
999433
999579
999360
999371
999418
999485
999537
999360
999456
999468
999460
999467
999441
999427
999367
999494
999562
999414
999432
999549
999475
999421
999433
999403
999418
999530
999535
999410
999442
999401
999474
999354
999355
999447
999411
999463
999444
999519
999465
999460
999427
999345
999347
999328
999540
999491
999493
999479
999479
999403
999271
999420
999366
999417
999544
999498
999384
999368
999494
999388
999531
999499
999370
999543
999476
999350
999540
999576
999358
999403
999507
999510
999422
999469
999469
999553
999413
999470
999422
999449
999562
999501
999400
999296
999529
999476
999552
999546
999396
999425
999519
999331
999370
999434
999412
999353
999306
999495
999504
999326
999335
999611
999484
999571
999407
999416
999329
999365
999579
999412
999495
999366
999592
999401
999422
999525
999501
999382
999491
999462
999550
999326
999511
999488
999348
999558
999367
999520
999380
999412
999481
999466
999435
999526
999411
999457
999381
999564
999509
999366
999314
999486
999437
999457
999404
999406
999321
999500
999377
999402
999448
999384
999428
999508
999381
999487
999327
999496
999494
999372
999370
999428
999402
999316
999380
999322
999516
999407
999387
999488
999400
999401
999332
999486
999425
999367
999356
999438
999318
999331
999527
999557
999448
999410
999352
999437
999394
999440
999425
999412
999459
999424
999500
999430
999471
999542
999459
999376
999431
999440
999564
999436
999514
999527
999464
999421
999517
999456
999553
999511
999485
999382
999513
999430
999435
999498
999620
999367
999438
999402
999396
999582
999441
999526
999390
999511
999285
999540
999442
999479
999506
999424
999493
999376
999554
999452
999373
999415
999245
999550
999434
999504
999457
999380
999492
999446
999372
999443
999310
999401
999430
999457
999432
999538
999409
999539
999542
999469
999599
999329
999363
999420
999442
999485
999494
999348
999505
999393
999405
999392
999340
999430
999424
999510
999389
999498
999485
999330
999512
999417
999436
999366
999500
999459
999375
999435
999565
999492
999418
999411
999504
999338
999415
999464
999505
999448
999402
999429
999453
999468
999540
999351
999446
999355
999336
999471
999533
999320
999570
999599
999373
999495
999389
999379
999488
999438
999395
999490
999499
999545
999582
999479
999471
999366
999448
999411
999597
999479
999507
999515
999492
999469
999443
999470
999417
999511
999479
999509
999464
999465
999516
999635
999455
999287
999453
999537
999439
999413
999390
999439
999410
999360
999476
999443
999362
999445
999351
999510
999480
999389
999432
999426
999404
999484
999478
999490
999388
999373
999408
999495
999498
999416
999325
999453
999490
999407
999353
999524
999556
999422
999341
999343
999335
999373
999354
999554
999390
999474
999361
999550
999422
999529
999504
999504
999483
999434
999496
999387
999511
999477
999417
999502
999533
999463
999413
999583
999567
999354
999357
999497
999442
999360
999542
999539
999545
999576
999386
999471
999509
999500
999383
999375
999549
999379
999487
999317
999421
999344
999455
999546
999425
999474
999494
999446
999399
999538
999483
999350
999462
999501
999388
999403
999457
999575
999512
999479
999460
999440
999401
999428
999479
999548
999422
999361
999377
999403
999584
999485
999553
999505
999462
999456
999558
999477
999364
999551
999347
999359
999482
999426
999546
999510
999474
999457
999455
999409
999572
999422
999448
999486
999445
999540
999347
999415
999438
999429
999522
999487
999423
999293
999533
999466
999463
999379
999594
999452
999484
999358
999389
999424
999479
999476
999438
999422
999381
999515
999510
999361
999506
999401
999537
999411
999458
